function [agents, params] = scn_ui_customleft1(params)
% Auto-generated by ScenarioBuilderV1_1 on 09-Nov-2025 22:42:25
% This scenario contains 2 agents

agents = [];

% Agent 1 (VO)
a = Agent(1,[-6.000000 -14.000000],[-6.000000 14.000000],0.300000,1.7000000,'VO',[0.000000 0.000000]);
a.timeHorizon = 8.000000;
a.neighborDist = 15.000000;
a.safetyRadius = 1.000000;
a.color = [0.063 0.860 0.934];
agents = [agents, a];

% Agent 3 (CONST)
a = Agent(3,[-18.000000 0.000000],[18.000000 0.000000],0.300000,1.200000,'CONST',[1.200000 0.000000]);
a.safetyRadius = 1.000000;
a.color = [0.550 0.550 0.550];
agents = [agents, a];

% Update parameters if needed
params.world.fieldSize = 20.000000;
params.sim.dt = 0.050000;
params.sim.maxSteps = 850;

end
