function [agents, params] = scn_ui_customright3(params)
% Auto-generated by ScenarioBuilderV1_1 on 10-Nov-2025 15:02:37
% This scenario contains 2 agents
%右交叉
agents = [];

% Agent 1 (VO)
a = Agent(1,[-6.000000 -14.000000],[-6.000000 14.000000],0.300000,0.80000,'VO',[0.000000 0.000000]);
a.timeHorizon = 20.000000;
a.neighborDist = 30.000000;
a.safetyRadius = 2.000000;
a.color = [0.050 0.490 0.193];
agents = [agents, a];

% Agent 3 (CONST)
a = Agent(3,[18.000000 0.000000],[-12.335766 1.265207],0.300000,1.200000,'CONST',[1.200000 0.000000]);
a.safetyRadius = 1.000000;
a.color = [0.550 0.550 0.550];
a.setWaypoints([18.000000 0.000000; -12.335766 1.265207], 'none', 1.200000, 0.300000);
agents = [agents, a];

% Update parameters if needed
params.world.fieldSize = 20.000000;
params.sim.dt = 0.050000;
params.sim.maxSteps = 1200;

end
